7 1.000000 14 1.000000 0 0.666667 1 0.666667 2 0.666667 3 0.666667 4 0.666667 5 0.666667 6 0.666667 8 0.666667 9 0.666667 10 0.666667 11 0.666667 12 0.666667 13 0.666667 15 0.666667 16 0.666667 17 0.666667 18 0.666667 19 0.666667 20 0.666667 21 0.166667 22 0.166667 
6 1.000000 0 0.666667 1 0.666667 2 0.666667 3 0.666667 4 0.666667 5 0.666667 7 0.666667 8 0.666667 9 0.666667 10 0.666667 11 0.666667 12 0.666667 13 0.666667 14 0.666667 15 0.666667 16 0.666667 17 0.666667 18 0.666667 19 0.666667 20 0.666667 21 0.166667 22 0.166667 
20 1.000000 0 0.666667 1 0.666667 2 0.666667 3 0.666667 4 0.666667 5 0.666667 6 0.666667 7 0.666667 8 0.666667 9 0.666667 10 0.666667 11 0.666667 12 0.666667 13 0.666667 14 0.666667 15 0.666667 16 0.666667 17 0.666667 18 0.666667 19 0.666667 21 0.166667 22 0.166667 

7 1.000000 14 1.000000 
1 1.000000 0 0.666667 2 0.666667 3 0.666667 4 0.666667 5 0.666667 6 0.666667 7 0.666667 8 0.666667 9 0.666667 10 0.666667 11 0.666667 12 0.666667 13 0.666667 14 0.666667 15 0.666667 16 0.666667 17 0.666667 18 0.666667 19 0.666667 20 0.666667 21 0.166667 22 0.166667 
14 1.000000 7 1.000000 0 0.500000 1 0.500000 2 0.500000 3 0.500000 4 0.500000 5 0.500000 6 0.500000 8 0.500000 9 0.500000 10 0.500000 11 0.500000 12 0.500000 13 0.500000 15 0.500000 16 0.500000 17 0.500000 18 0.500000 19 0.500000 20 0.500000 21 0.500000 22 0.500000 
21 1.000000 22 1.000000 0 0.250000 1 0.250000 2 0.250000 3 0.250000 4 0.250000 5 0.250000 6 0.250000 7 0.250000 8 0.250000 9 0.250000 10 0.250000 11 0.250000 12 0.250000 13 0.250000 15 0.250000 16 0.250000 17 0.250000 18 0.250000 19 0.250000 20 0.250000 
23 1.000000 

